750
676 318
709 330
563 350
588
981 982
214 881
196
798 94
759 297
637 383
464 518
324 521
126 737
59 794
685 386
498 494
884 150
337 716
87
65 920
353 459
158 956
145
599 388
53 847
432 674
761
550
628 345
696 169
711 165
2 833
699 162
234 573
568 263
363 511
806 133
700 256
673 402
466 617
788 155
882 182
657 199
607 454
395 686
495 382
248 800
945 27
548 481
417 665
175 846
335 726
732
890
36 973
930 903
871 188
666 368
999 8
838 937
632 422
916 51
587 249
484 544
946 10
131 977
579 336
109
731 236
904 67
919 147
306 553
286
398 471
782 195
957 872
206 912
725
762 200
180 721
631 424
127
152 744
223 653
119 988
190 661
47 952
720 270
264 751
818 953
965 853
399 670
185 840
771
385 571
496 372
630 444
68 929
512 344
902 88
717 304
793 137
816 259
783 108
529 490
523 341
949 891
46 825
638
472
601 371
546
291 740
897 52
445 408
179
834 947
64 960
940 31
338 474
578 262
901 101
990 129
123 763
104 795
271 643
927 144
684 173
226 609
197
552 475
294
224 832
168 681
113
257 770
557
102 805
683 401
535 455
836
749 118
745
728
636 394
723
288 528
128 697
403 470
125
237 813
585 273
160 695
961 991
958 862
564 289
769 18
61 943
76 879
497
85 12
28
996 835
295 735
883 153
608 452
501 373
418 469
911 157
974 894
331 612
0 115
241
66 32
198 622
38
117 856
82 30
217
909 44
828 99
773 231
58 40
375 437
154
802
758 124
253 581
582 290
163 689
969
517 355
218 662
416
488
83
590 252
390 562
55 801
50
979 861
753 146
478 426
618 447
985 15
634 438
191 817
698 307
250 547
427 409
810 984
161 932
22
542 513
527 522
595 244
868 72
752 243
645
219
86 873
635 415
876 915
143 675
586 461
567
13
898 105
57 80
710 321
221 615
97 796
310 714
779
910 49
651 227
366 572
962
71 760
449 392
149
659 413
171 664
487 537
419 620
980 20
215 858
503 365
207 619
246 808
266 534
95 866
941 26
384 701
603 183
280 625
79 814
781 138
750 114
428 525
600 204
774 6
598 242
269 765
37 93
824 130
967 841
892 91
465 434
116 705
668 327
78
918 156
660 376
238 566
314
558 339
96 857
577 414
510 482
589 458
934 134
54 837
322 543
545 443
19
343 703
633 410
492 405
476 524
928 993
84 797
580 407
968 995
715 151
69 885
172 624
359 583
260
789 285
296
213
972
899
839
970
724
597
811
63
629
687
663
347
906
787
3
272
640
922
302
300
851
627
121
997
349
369
89
987
532
201
92
852
460
923
203
754
233
391
435
623
863
25
216
727
950
889
225
877
328
166
942
186
677
736
994
103
536
451
287
181
907
309
644
803
184
311
739
804
509
992
514
775
508
60
9
507
799
500
159
167
370
148
209
261
329
944
541
177
905
870
41
433
23
251
70
178
594
208
479
404
908
554
457
229
120
360
757
614
62
450
313
641
584
855
39
299
830
436
502
400
189
682
591
650
292
565
886
11
878
267
786
362
539
187
255
606
777
561
913
142
951
34
423
746
865
193
277
254
516
265
35
743
704
222
406
98
245
429
411
792
361
936
305
211
174
421
387
139
7
954
21
888
706
75
319
867
228
755
499
844
275
281
367
900
136
576
283
812
924
393
274
381
978
570
212
100
396
679
473
483
81
921
820
864
821
442
610
605
279
831
456
593
596
389
352
933
756
939
467
963
648
468
73
555
284
604
998
551
616
77
671
656
29
613
964
776
348
827
654
880
850
560
887
935
849
530
278
926
729
232
688
931
463
815
480
896
707
364
875
845
533
860
5
240
111
485
925
719
1
549
320
986
446
247
140
301
45
504
975
24
462
669
202
440
559
430
526
90
708
48
4
718
439
768
693
712
358
106
453
702
734
747
807
829
733
742
691
239
574
176
486
626
303
340
312
694
678
895
112
772
569
326
425
822
323
843
575
971
649
351
332
164
602
658
489
519
141
854
738
14
791
976
308
859
722
842
741
110
210
42
869
333
235
959
556
989
809
43
917
748
412
230
948
823
374
268
819
346
672
515
646
258
874
315
16
33
655
316
276
377
194
74
298
56
893
778
784
667
205
192
642
282
17
639
122
966
491
767
520
357
448
493
397
785
690
790
983
378
379
764
592
680
293
780
380
914
431
170
506
692
477
342
505
531
538
647
220
611
540
938
107
420
621
652
955
325
730
441
713
354
848
135
766
826
317
132
334
356
