750
419 620
904 67
700 256
884 150
496 372
185 840
68 929
69 885
587 249
699 162
634 438
253 581
324 521
207 619
685 386
512 344
696 169
762 200
578 262
190 661
97 796
683 401
398 471
980 20
598 242
600 204
673 402
898 105
237 813
883 153
909 44
322 543
910 49
64 960
985 15
221 615
403 470
449 392
798 94
586 461
84 797
395 686
788 155
79 814
306 553
618 447
291 740
180 721
589 458
749 118
175 846
445 408
542 513
104 795
86 873
527 522
117 856
568 263
901 101
191 817
418 469
897 52
399 670
548 481
564 289
466 617
999 8
974 894
523 341
552 475
264 751
427 409
635 415
750 114
752 243
603 183
782 195
979 861
363 511
928 993
417 665
54 837
310 714
916 51
892 91
940 31
783 108
295 735
902 88
659 413
945 27
152 744
981 982
968 995
941 26
946 10
558 339
961 991
476 524
53 847
215 858
484 544
717 304
510 482
37 93
838 937
385 571
214 881
335 726
607 454
218 662
608 452
824 130
158 956
82 30
793 137
384 701
55 801
280 625
676 318
710 321
161 932
957 872
529 490
257 770
731 236
599 388
660 376
876 915
633 410
816 259
498 494
85 12
116 705
331 612
934 134
224 832
666 368
246 808
57 80
432 674
927 144
631 424
632 422
918 156
949 891
919 147
128 697
580 407
958 862
545 443
806 133
131 977
0 115
789 285
996 835
206 912
366 572
967 841
630 444
487 537
930 903
781 138
359 583
628 345
143 675
271 643
720 270
709 330
223 653
66 32
637 383
601 371
698 307
59 794
464 518
2 833
990 129
428 525
668 327
390 562
759 297
911 157
882 182
577 414
871 188
119 988
965 853
71 760
868 72
773 231
636 394
46 825
535 455
248 800
337 716
58 40
343 703
269 765
828 99
802
197
715 151
19
503 365
969
517 355
102 805
61 943
219
179
890
78
38
834 947
226 609
65 920
478 426
550
127
171 664
488
198 622
585 273
753 146
168 681
771
96 857
588
563 350
492 405
465 434
47 952
250 547
595 244
87
145
546
154
314
260
50
196
375 437
172 624
149
472
125
76 879
758 124
497
590 252
557
234 573
684 173
567
818 953
962
769 18
266 534
651 227
810 984
638
95 866
113
728
286
294
836
582 290
163 689
579 336
109
711 165
160 695
723
13
288 528
36 973
774 6
83
338 474
732
657 199
238 566
241
22
761
126 737
725
416
495 382
745
217
501 373
645
353 459
779
123 763
28
201
139
275
679
877
539
211
541
329
90
23
370
755
644
296
320
913
746
349
451
950
5
411
648
777
404
954
576
480
739
792
757
942
508
623
616
855
247
629
89
364
994
485
187
561
756
939
216
81
450
92
509
302
551
348
148
103
504
166
775
287
606
181
254
387
555
381
479
924
889
34
799
468
830
11
423
360
704
300
559
4
706
457
803
277
867
964
429
677
467
768
228
367
281
654
729
864
301
433
313
650
516
831
39
393
391
554
987
992
389
896
584
229
352
98
878
926
641
251
907
688
463
905
870
944
292
533
159
613
225
462
232
435
456
888
936
272
712
594
111
899
923
305
203
921
718
499
502
9
610
986
820
736
951
707
663
189
178
549
880
25
361
73
142
347
671
972
860
21
627
120
844
900
998
614
41
507
3
570
70
265
48
60
530
887
812
245
743
532
963
845
436
167
35
708
970
202
208
106
500
978
591
815
45
430
754
328
140
136
852
184
682
906
875
605
839
483
850
212
597
526
267
439
222
514
406
997
656
786
186
908
442
29
827
724
851
473
279
396
63
7
213
719
440
309
776
284
849
935
931
274
362
693
863
640
369
604
804
421
787
560
319
886
177
299
240
77
865
669
811
209
62
261
536
975
255
922
1
311
925
283
593
446
121
565
933
358
174
400
687
193
233
278
821
75
596
727
100
460
24
785
778
854
647
790
742
340
374
239
914
323
357
351
298
747
652
316
205
767
379
486
107
895
575
519
741
112
574
809
326
453
738
515
893
170
791
110
592
822
692
869
848
843
332
829
983
74
334
356
354
342
441
325
874
164
176
491
733
772
690
378
346
917
312
823
258
730
672
235
611
230
412
425
678
556
531
538
377
667
807
520
621
826
380
764
819
658
315
132
842
540
303
397
431
489
713
655
680
702
293
33
192
56
420
966
135
16
784
722
989
448
859
505
602
333
780
194
308
141
646
748
122
276
268
14
766
493
959
569
639
642
282
948
691
317
43
734
649
626
477
210
976
220
938
694
955
42
971
506
17
