750
969
567
564 289
507
630 444
496 372
868 72
706
970
541
896
39
739
787
509
486
395 686
141
926
209
7
708
163 689
718
495 382
778
654
736
922
75
300
174
90
776
251
517 355
331 612
308
802
709 330
79 814
164
966
25
900
668 327
602
480
733
104 795
806 133
647
319
635 415
734
902 88
775
19
642
938
834 947
50
523 341
293
519
399 670
324 521
277
510 482
41
578 262
514
672
589 458
436
283
241
457
487 537
559
745
148
889
69 885
2 833
441
24
764
166
171 664
893
782 195
233
660 376
279
333
917
946 10
326
120
884 150
431
725
843
342
577 414
870
888
530
535 455
219
717 304
531
225
750 114
187
634 438
538
476 524
748
62
168 681
269 765
854
699 162
974 894
963
815
759 297
702
558 339
555
45
646
288 528
132
152 744
561
61 943
586 461
175 846
361
309
223 653
747
140
421
594
442
600 204
771
143 675
250 547
245
752 243
640
322 543
369
439
978
86 873
334
892 91
384 701
871 188
306 553
595 244
473
449 392
351
790
239
781 138
159
460
711 165
419 620
149
417 665
964
792
914
644
859
314
913
608 452
305
618 447
96 857
754
360
824 130
128 697
46 825
272
671
479
158 956
788 155
520
592
33
908
809
466 617
499
177
613
404
317
234 573
599 388
393
501 373
286
489
430
380
683 401
126 737
652
328
464 518
604
529 490
905
532
127
527 522
66 32
329
587 249
729
753 146
178
838 937
0 115
951
189
540
629
707
976
972
65 920
728
110
591
610
54 837
296
692
102 805
205
55 801
785
498 494
191 817
71 760
385 571
848
983
229
614
276
715 151
590 252
172 624
641
994
445 408
940 31
332
220
59 794
700 256
693
278
766
666 368
311
827
224 832
819
468
784
632 422
14
906
418 469
222
180 721
247
663
478 426
484 544
636 394
657 199
975
992
623
998
601 371
865
301
696 169
780
549
989
606
378
904 67
294
820
987
1
720 270
828 99
732
546
749 118
582 290
698 307
605
875
568 263
281
939
100
863
190 661
453
694
215 858
503 365
949 891
450
63
119 988
727
897 52
730
465 434
282
678
198 622
265
37 93
655
550
142
425
723
381
823
206 912
901 101
17
107
773 231
28
516
423
659 413
950
313
246 808
579 336
638
194
985 15
883 153
724
367
829
911 157
84 797
68 929
237 813
432 674
266 534
777
821
611
379
882 182
907
919 147
353 459
755
742
87
845
867
92
160 695
258
207 619
515
400
208
676 318
799
34
811
472
758 124
74
29
363 511
999 8
552 475
370
986
462
961 991
928 993
271 643
512 344
214 881
688
967 841
467
798 94
103
323
637 383
451
574
639
836
412
996 835
338 474
398 471
121
53 847
508
650
651 227
78
347
416
656
934 134
13
869
456
310 714
935
89
942
340
230
302
804
551
756
598 242
11
427 409
337 716
362
831
212
390 562
35
924
945 27
43
42
565
925
807
990 129
645
312
125
860
483
679
569
176
488
626
533
746
680
109
217
876 915
849
82 30
497
944
232
762 200
685 386
898 105
356
941 26
201
962
588
98
186
621
184
111
170
375 437
786
603 183
21
117 856
406
358
563 350
826
816 259
36 973
181
959
57 80
253 581
890
500
576
493
343 703
315
597
316
56
774 6
97 796
131 977
76 879
851
161 932
931
768
352
667
958 862
60
955
64 960
364
185 840
812
864
275
631 424
743
767
70
428 525
349
596
346
593
979 861
440
280 625
112
492 405
167
948
145
731 236
548 481
791
287
85 12
830
877
677
83
387
909 44
240
575
965 853
429
238 566
971
957 872
910 49
633 410
502
213
359 583
616
722
704
916 51
448
607 454
325
855
505
761
211
880
95 866
585 273
366 572
193
997
260
391
154
491
850
923
927 144
248 800
779
292
968 995
539
77
389
570
852
504
47 952
411
691
179
348
738
113
485
357
899
122
81
789 285
106
649
793 137
803
4
196
741
684 173
298
545 443
221 615
536
5
933
38
377
403 470
216
690
16
844
980 20
822
554
335 726
783 108
433
299
506
135
463
48
918 156
954
261
274
839
772
446
210
22
557
374
477
255
769 18
669
842
267
264 751
580 407
268
123 763
235
228
396
560
981 982
3
257 770
627
542 513
320
284
673 402
303
58 40
921
73
226 609
682
930 903
886
628 345
202
887
648
192
291 740
435
757
713
203
139
397
420
584
116 705
197
878
526
895
136
218 662
254
874
810 984
556
658
712
354
23
687
710 321
818 953
9
295 735
936
719
