750
799
477
19
22
917
671
897 52
70
439
978
299
196
271 643
92
756
519
618 447
390 562
201
785
198 622
295 735
143 675
711 165
889
161 932
692
280 625
178
23
374
791
580 407
985 15
980 20
597
527 522
226 609
473
324 521
815
771
163 689
934 134
310 714
569
820
75
69 885
591
659 413
809
758 124
596
171 664
762 200
468
5
964
353 459
595 244
753 146
278
865
804
863
684 173
448
850
291 740
900
206 912
635 415
732
941 26
928 993
193
636 394
975
731 236
654
901 101
974 894
786
239
616
834 947
335 726
264 751
790
902 88
685 386
590 252
73
987
203
359 583
367
523 341
77
538
824 130
709 330
28
181
113
176
655
251
925
476 524
347
539
294
34
283
507
536
288 528
577 414
281
228
391
400
644
702
478 426
634 438
166
488
16
679
719
7
948
320
53 847
240
673 402
364
378
269 765
352
823
844
910 49
907
479
128 697
723
743
699 162
864
168 681
852
38
549
369
736
730
260
276
966
152 744
159
890
782 195
646
663
764
217
880
298
111
733
561
68 929
830
924
687
286
589 458
385 571
132
433
517 355
640
887
565
568 263
71 760
559
969
272
293
957 872
148
888
986
949 891
76 879
769 18
926
564 289
700 256
588
979 861
651 227
54 837
598 242
238 566
994
164
935
649
313
223 653
938
21
338 474
211
379
950
629
759 297
497
919 147
667
803
585 273
381
319
712
972
638
175 846
696 169
484 544
192
923
167
429
331 612
39
224 832
710 321
212
741
279
676 318
275
57 80
308
946 10
838 937
103
849
963
722
503 365
908
999 8
184
218 662
531
213
720 270
584
65 920
333
778
541
512 344
677
219
601 371
419 620
748
626
767
955
933
411
189
222
357
41
607 454
642
650
707
766
959
749 118
776
342
215 858
449 392
505
450
821
257 770
831
417 665
483
97 796
209
777
2 833
187
550
268
314
788 155
691
457
962
529 490
463
698 307
578 262
739
560
185 840
258
96 857
693
939
942
354
931
495 382
520
563 350
968 995
593
747
466 617
3
608 452
660 376
35
265
317
303
230
340
83
492 405
254
4
501 373
467
842
81
582 290
300
46 825
717 304
869
351
556
142
55 801
116 705
922
323
896
56
706
398 471
945 27
558 339
486
843
43
348
755
362
197
207 619
84 797
346
680
85 12
570
225
14
432 674
930 903
453
64 960
516
436
631 424
66 32
349
186
621
551
967 841
775
867
380
694
530
387
395 686
877
451
337 716
683 401
989
848
296
599 388
779
738
807
202
605
574
445 408
623
611
267
59 794
191 817
783 108
229
958 862
334
311
678
423
916 51
301
141
87
548 481
567
126 737
911 157
489
552 475
746
704
610
600 204
74
78
356
177
742
208
669
50
220
961 991
652
406
878
761
895
727
370
602
210
216
102 805
136
245
246 808
860
546
774 6
120
250 547
131 977
904 67
586 461
540
754
233
859
328
789 285
718
914
713
499
326
48
37 93
363 511
117 856
504
614
951
725
425
332
0 115
899
510 482
366 572
377
927 144
826
892 91
604
45
592
95 866
983
47 952
637 383
110
882 182
496 372
996 835
883 153
462
632 422
221 615
757
389
657 199
1
508
125
802
575
836
708
343 703
237 813
427 409
194
587 249
944
446
493
829
122
854
812
62
690
384 701
179
89
641
358
886
871 188
576
639
248 800
918 156
502
404
58 40
645
810 984
241
633 410
976
745
360
42
420
127
514
839
82 30
397
557
509
784
416
480
750 114
647
498 494
772
845
440
613
971
235
261
255
998
913
315
773 231
535 455
648
375 437
526
884 150
145
464 518
13
532
305
266 534
909 44
672
431
112
90
123 763
656
456
135
86 873
682
172 624
441
393
361
715 151
990 129
158 956
555
36 973
287
325
24
491
728
180 721
190 661
666 368
247
603 183
554
793 137
658
60
282
316
940 31
855
827
329
851
465 434
627
29
500
428 525
435
594
421
403 470
898 105
579 336
140
430
921
442
214 881
768
485
724
893
828 99
399 670
63
965 853
309
533
396
506
149
487 537
936
472
274
121
205
107
302
61 943
997
630 444
752 243
11
905
970
284
992
104 795
79 814
981 982
734
98
312
154
234 573
106
688
906
542 513
170
33
292
870
119 988
792
806 133
816 259
822
787
875
954
232
253 581
868 72
668 327
818 953
781 138
25
277
460
17
412
100
139
876 915
418 469
811
545 443
780
628 345
606
160 695
515
729
798 94
174
109
322 543
874
306 553
9
819
