750
981 982
131 977
601 371
980 20
577 414
927 144
512 344
759 297
335 726
104 795
868 72
603 183
967 841
427 409
673 402
710 321
928 993
985 15
218 662
366 572
237 813
798 94
143 675
631 424
781 138
632 422
618 447
871 188
180 721
568 263
750 114
709 330
476 524
578 262
793 137
902 88
909 44
119 988
783 108
161 932
564 289
838 937
527 522
806 133
280 625
79 814
910 49
85 12
628 345
558 339
291 740
271 643
898 105
607 454
54 837
385 571
637 383
940 31
700 256
390 562
941 26
883 153
484 544
68 929
934 134
191 817
306 553
417 665
720 270
117 856
37 93
510 482
269 765
587 249
630 444
828 99
996 835
428 525
343 703
215 858
901 101
246 808
876 915
946 10
990 129
185 840
789 285
152 744
589 458
749 118
897 52
248 800
487 537
384 701
59 794
919 147
580 407
961 991
685 386
158 956
71 760
884 150
221 615
945 27
66 32
633 410
399 670
53 847
600 204
548 481
64 960
449 392
69 885
958 862
598 242
816 259
359 583
636 394
918 156
190 661
498 494
86 873
2 833
403 470
979 861
175 846
398 471
257 770
957 872
57 80
418 469
659 413
224 832
84 797
419 620
608 452
363 511
752 243
717 304
214 881
97 796
432 674
310 714
634 438
696 169
586 461
635 415
599 388
445 408
782 195
660 376
949 891
331 612
788 155
0 115
552 475
337 716
523 341
207 619
223 653
666 368
904 67
322 543
974 894
699 162
882 182
264 751
324 521
395 686
535 455
46 825
295 735
731 236
466 617
698 307
545 443
683 401
58 40
965 853
773 231
128 697
676 318
824 130
892 91
916 51
668 327
542 513
911 157
253 581
762 200
464 518
116 705
55 801
930 903
999 8
968 995
206 912
529 490
496 372
82 30
969
13
196
834 947
197
50
867
913
76 879
65 920
367
509
557
588
287
541
488
644
606
348
166
375 437
113
92
250 547
768
370
746
723
404
497
47 952
677
102 805
504
179
715 151
648
962
23
729
320
61 943
942
416
381
550
799
90
34
679
139
126 737
468
561
559
149
96 857
480
163 689
517 355
478 426
563 350
774 6
704
296
479
629
555
779
758 124
234 573
450
877
467
254
301
36 973
109
810 984
706
755
78
411
275
836
950
501 373
739
761
994
492 405
387
125
81
89
329
465 434
353 459
181
266 534
725
567
123 763
711 165
954
172 624
457
924
338 474
168 681
616
775
294
103
145
349
890
757
595 244
226 609
187
277
219
247
217
22
585 273
803
228
508
485
582 290
238 566
576
546
503 365
171 664
590 252
360
127
87
964
645
769 18
495 382
95 866
830
5
313
28
201
756
241
818 953
802
472
638
855
623
11
728
83
281
4
364
154
939
216
579 336
864
38
286
657 199
889
539
792
771
19
314
260
451
745
651 227
300
302
423
732
654
551
288 528
753 146
429
160 695
211
684 173
777
148
198 622
433
560
463
707
483
265
73
640
613
827
45
514
526
261
111
283
812
106
309
516
77
570
63
184
908
992
970
821
391
328
671
605
507
361
442
272
900
284
880
100
136
907
406
267
815
986
202
3
682
688
48
811
393
278
565
446
905
719
178
212
786
369
473
159
21
189
142
972
987
975
906
554
650
530
591
594
462
886
878
499
7
430
232
875
887
593
614
9
863
240
121
305
712
213
400
922
925
923
845
849
743
440
41
186
274
888
456
352
844
708
98
209
944
776
951
460
502
396
311
319
389
255
167
203
435
754
926
29
839
641
978
860
727
500
610
222
851
627
870
931
718
358
35
549
24
60
532
292
584
25
899
724
536
1
804
347
439
193
820
177
75
279
299
225
245
933
787
963
687
896
656
936
693
604
251
596
850
436
597
663
669
229
62
140
233
533
921
852
208
362
997
998
70
865
736
120
935
421
39
831
174
738
317
316
989
515
43
110
493
747
491
713
639
766
176
874
170
842
380
748
734
822
17
315
357
378
807
506
374
569
647
486
826
859
303
819
431
192
843
122
33
611
722
621
733
772
917
694
112
132
325
441
342
741
333
205
354
230
672
730
646
790
914
141
742
764
210
448
829
556
959
312
655
477
308
531
976
642
74
658
56
869
823
293
767
520
14
379
938
690
971
678
692
702
505
235
848
680
135
626
574
194
540
602
453
377
334
809
778
332
791
16
649
948
239
258
784
356
854
983
893
220
955
895
538
282
164
780
42
397
592
323
489
276
691
575
420
107
966
298
785
346
667
268
351
412
425
340
519
652
326
