750
580 407
981 982
959
377
476 524
202
60
221 615
782 195
48
58 40
605
549
83
786
924
807
852
191 817
291 740
149
50
212
606
694
433
809
930 903
948
672
642
611
65 920
516
979 861
728
302
279
176
743
309
603 183
742
479
986
404
632 422
668 327
478 426
303
148
831
895
2 833
729
229
190 661
0 115
712
927 144
17
90
905
39
983
723
560
843
206 912
803
192
300
269 765
783 108
650
41
890
768
63
874
746
419 620
352
596
61 943
626
24
961 991
337 716
587 249
348
492 405
171 664
536
896
333
568 263
834 947
724
821
213
487 537
739
391
545 443
987
717 304
22
777
515
232
161 932
239
187
174
923
226 609
96 857
634 438
467
902 88
158 956
59 794
867
245
218 662
457
764
850
575
844
877
501 373
305
7
319
771
420
913
140
659 413
77
563 350
702
818 953
584
514
556
517 355
385 571
189
358
181
25
446
588
582 290
600 204
691
623
384 701
38
121
453
758 124
574
748
178
871 188
496 372
811
576
773 231
791
654
423
5
747
396
299
23
854
276
111
541
306 553
500
400
865
472
657 199
323
557
886
33
769 18
678
66 32
870
799
970
635 415
527 522
957 872
125
54 837
570
882 182
185 840
92
564 289
990 129
944
878
893
277
802
286
749 118
375 437
264 751
282
168 681
100
875
456
261
519
949 891
107
418 469
288 528
451
47 952
477
366 572
486
473
110
945 27
711 165
591
529 490
260
14
56
539
223 653
550
186
692
240
335 726
779
892 91
160 695
122
708
618 447
667
329
842
119 988
1
435
601 371
715 151
298
253 581
203
436
608 452
646
725
788 155
778
704
493
639
934 134
326
655
81
734
416
707
89
460
776
558 339
586 461
313
685 386
485
442
980 20
901 101
926
806 133
274
131 977
941 26
287
590 252
317
676 318
76 879
680
578 262
530
899
985 15
787
152 744
425
370
722
112
836
648
280 625
781 138
103
102 805
395 686
209
440
222
614
127
278
761
246 808
523 341
792
439
922
354
381
752 243
179
918 156
37 93
296
658
727
349
237 813
883 153
636 394
450
250 547
789 285
283
767
36 973
235
965 853
346
698 307
533
772
733
907
532
87
251
132
164
21
362
975
46 825
380
324 521
868 72
754
951
750 114
597
994
292
508
955
184
109
972
166
210
247
830
491
540
387
241
855
812
677
577 414
684 173
919 147
489
946 10
483
700 256
390 562
687
538
43
295 735
645
790
441
266 534
216
908
159
71 760
793 137
359 583
683 401
914
900
3
679
552 475
569
310 714
911 157
62
974 894
267
510 482
585 273
360
950
445 408
888
656
463
84 797
827
228
755
507
592
194
28
284
217
75
780
271 643
775
389
488
230
546
142
555
638
828 99
220
248 800
551
693
610
113
630 444
863
823
154
719
736
925
869
757
509
403 470
4
641
208
897 52
815
198 622
848
201
917
559
315
78
931
567
69 885
34
74
293
785
53 847
106
884 150
369
939
116 705
963
921
170
257 770
343 703
214 881
730
967 841
411
13
599 388
978
542 513
849
120
992
935
398 471
104 795
820
860
328
561
351
308
82 30
126 737
916 51
338 474
909 44
839
429
215 858
85 12
660 376
731 236
136
468
42
312
535 455
193
180 721
906
432 674
275
320
374
718
211
397
225
738
480
964
595 244
904 67
928 993
219
710 321
57 80
340
759 297
128 697
647
933
671
9
64 960
301
682
845
45
554
255
16
233
889
334
314
175 846
649
766
880
876 915
431
798 94
598 242
616
399 670
663
254
996 835
428 525
281
629
784
196
741
342
11
565
999 8
640
621
506
644
35
495 382
887
378
910 49
177
607 454
690
205
938
356
316
709 330
332
502
593
864
417 665
824 130
86 873
73
732
688
816 259
859
851
499
234 573
430
829
123 763
756
628 345
268
427 409
753 146
503 365
826
969
367
602
898 105
666 368
699 162
421
79 814
98
484 544
331 612
135
745
406
531
520
958 862
512 344
652
762 200
141
197
363 511
997
673 402
631 424
325
294
357
637 383
966
364
497
940 31
224 832
633 410
504
347
163 689
207 619
579 336
117 856
954
594
498 494
838 937
353 459
936
706
238 566
589 458
464 518
272
311
379
613
145
322 543
172 624
258
97 796
968 995
95 866
804
774 6
70
265
412
29
989
962
720 270
696 169
669
810 984
548 481
19
361
143 675
167
449 392
819
68 929
604
466 617
139
651 227
627
505
448
462
971
998
465 434
526
393
822
713
942
976
55 801
